,종목 코드,상승 확률,하락 확률,변동 없는 확률,상승 확률 높은 순위
246,016710,0.6290322580645161,0.3024193548387097,0.06854838709677419,1.0
1429,003100,0.625,0.31451612903225806,0.06048387096774194,2.0
2152,365270,0.6111111111111112,0.3888888888888889,0.0,3.0
108,178920,0.5846774193548387,0.3870967741935484,0.028225806451612902,4.0
33,383220,0.5806451612903226,0.3870967741935484,0.03225806451612903,5.0
683,323410,0.5714285714285714,0.42857142857142855,0.0,6.0
1523,217330,0.5604838709677419,0.3709677419354839,0.06854838709677419,7.0
352,138040,0.5564516129032258,0.3588709677419355,0.0846774193548387,8.0
1150,213420,0.5524193548387096,0.42338709677419356,0.024193548387096774,9.0
1000,051390,0.5483870967741935,0.39919354838709675,0.05241935483870968,10.5
658,018470,0.5483870967741935,0.4112903225806452,0.04032258064516129,10.5
0,095570,0.5443548387096774,0.4274193548387097,0.028225806451612902,13.0
1394,017480,0.5443548387096774,0.4274193548387097,0.028225806451612902,13.0
45,011200,0.5443548387096774,0.41935483870967744,0.036290322580645164,13.0
695,005070,0.5403225806451613,0.4274193548387097,0.03225806451612903,15.5
403,006660,0.5403225806451613,0.3870967741935484,0.07258064516129033,15.5
1206,043360,0.5362903225806451,0.41935483870967744,0.04435483870967742,18.5
1910,272290,0.5362903225806451,0.4435483870967742,0.020161290322580645,18.5
898,298020,0.5362903225806451,0.43548387096774194,0.028225806451612902,18.5
1872,206650,0.5362903225806451,0.45161290322580644,0.012096774193548387,18.5
133,361610,0.5362318840579711,0.43478260869565216,0.028985507246376812,21.0
277,016090,0.532258064516129,0.43548387096774194,0.03225806451612903,27.5
48,175330,0.532258064516129,0.4032258064516129,0.06451612903225806,27.5
1980,049550,0.532258064516129,0.43548387096774194,0.03225806451612903,27.5
2255,093380,0.532258064516129,0.4637096774193548,0.004032258064516129,27.5
2128,183300,0.532258064516129,0.43548387096774194,0.03225806451612903,27.5
401,006400,0.532258064516129,0.4274193548387097,0.04032258064516129,27.5
72,030210,0.532258064516129,0.4435483870967742,0.024193548387096774,27.5
1015,049720,0.532258064516129,0.40725806451612906,0.06048387096774194,27.5
1306,213090,0.532258064516129,0.42338709677419356,0.04435483870967742,27.5
1024,026910,0.532258064516129,0.41935483870967744,0.04838709677419355,27.5
1152,077360,0.532258064516129,0.4475806451612903,0.020161290322580645,27.5
1370,143240,0.532258064516129,0.4032258064516129,0.06451612903225806,27.5
2344,046110,0.5282258064516129,0.43548387096774194,0.036290322580645164,36.5
2174,023160,0.5282258064516129,0.4274193548387097,0.04435483870967742,36.5
1254,219420,0.5282258064516129,0.4435483870967742,0.028225806451612902,36.5
1443,011560,0.5282258064516129,0.41935483870967744,0.05241935483870968,36.5
1288,080160,0.5282258064516129,0.45161290322580644,0.020161290322580645,36.5
333,007340,0.5282258064516129,0.3911290322580645,0.08064516129032258,36.5
419,029780,0.5241935483870968,0.4475806451612903,0.028225806451612902,49.0
214,002355,0.5241935483870968,0.38306451612903225,0.09274193548387097,49.0
2126,036690,0.5241935483870968,0.43951612903225806,0.036290322580645164,49.0
170,012200,0.5241935483870968,0.4435483870967742,0.03225806451612903,49.0
1025,090150,0.5241935483870968,0.41935483870967744,0.056451612903225805,49.0
145,003570,0.5241935483870968,0.4274193548387097,0.04838709677419355,49.0
803,069640,0.5241935483870968,0.4274193548387097,0.04838709677419355,49.0
1003,078890,0.5241935483870968,0.42338709677419356,0.05241935483870968,49.0
915,035760,0.5241935483870968,0.45564516129032256,0.020161290322580645,49.0
2317,025550,0.5241935483870968,0.43548387096774194,0.04032258064516129,49.0
1702,247540,0.5241935483870968,0.46774193548387094,0.008064516129032258,49.0
784,161390,0.5241935483870968,0.45161290322580644,0.024193548387096774,49.0
32,017940,0.5241935483870968,0.43548387096774194,0.04032258064516129,49.0
1517,187270,0.5241935483870968,0.43548387096774194,0.04032258064516129,49.0
686,001620,0.5241935483870968,0.42338709677419356,0.05241935483870968,49.0
965,104200,0.5241935483870968,0.45564516129032256,0.020161290322580645,49.0
329,003160,0.5241935483870968,0.4435483870967742,0.03225806451612903,49.0
1640,031330,0.5241935483870968,0.43548387096774194,0.04032258064516129,49.0
286,001230,0.5241935483870968,0.43951612903225806,0.036290322580645164,49.0
756,352820,0.5238095238095238,0.45714285714285713,0.01904761904761905,59.0
1979,094820,0.5201612903225806,0.4112903225806452,0.06854838709677419,70.0
820,002220,0.5201612903225806,0.43548387096774194,0.04435483870967742,70.0
199,000270,0.5201612903225806,0.4596774193548387,0.020161290322580645,70.0
231,006370,0.5201612903225806,0.4314516129032258,0.04838709677419355,70.0
354,000060,0.5201612903225806,0.3951612903225806,0.0846774193548387,70.0
962,108320,0.5201612903225806,0.45564516129032256,0.024193548387096774,70.0
372,268280,0.5201612903225806,0.36693548387096775,0.11290322580645161,70.0
1857,299900,0.5201612903225806,0.43548387096774194,0.04435483870967742,70.0
637,020150,0.5201612903225806,0.4475806451612903,0.03225806451612903,70.0
249,003545,0.5201612903225806,0.38306451612903225,0.0967741935483871,70.0
1583,059100,0.5201612903225806,0.4314516129032258,0.04838709677419355,70.0
1901,067920,0.5201612903225806,0.4314516129032258,0.04838709677419355,70.0
848,000720,0.5201612903225806,0.4637096774193548,0.016129032258064516,70.0
1009,039240,0.5201612903225806,0.4475806451612903,0.03225806451612903,70.0
2342,078350,0.5201612903225806,0.4274193548387097,0.05241935483870968,70.0
22,139130,0.5201612903225806,0.4435483870967742,0.036290322580645164,70.0
2283,128660,0.5201612903225806,0.43951612903225806,0.04032258064516129,70.0
19,005830,0.5201612903225806,0.45161290322580644,0.028225806451612902,70.0
70,030200,0.5201612903225806,0.40725806451612906,0.07258064516129033,70.0
18,016610,0.5201612903225806,0.4314516129032258,0.04838709677419355,70.0
796,042700,0.5201612903225806,0.4153225806451613,0.06451612903225806,70.0
131,302440,0.5188679245283019,0.42452830188679247,0.05660377358490566,81.0
1202,104460,0.5161290322580645,0.42338709677419356,0.06048387096774194,95.0
1911,053350,0.5161290322580645,0.45564516129032256,0.028225806451612902,95.0
1921,078020,0.5161290322580645,0.45564516129032256,0.028225806451612902,95.0
1627,019990,0.5161290322580645,0.4475806451612903,0.036290322580645164,95.0
102,005945,0.5161290322580645,0.38306451612903225,0.10080645161290322,95.0
904,005010,0.5161290322580645,0.4475806451612903,0.036290322580645164,95.0
653,004910,0.5161290322580645,0.4314516129032258,0.05241935483870968,95.0
2018,089790,0.5161290322580645,0.45161290322580644,0.03225806451612903,95.0
1110,020400,0.5161290322580645,0.42338709677419356,0.06048387096774194,95.0
109,005490,0.5161290322580645,0.45161290322580644,0.03225806451612903,95.0
2015,033050,0.5161290322580645,0.4274193548387097,0.056451612903225805,95.0
56,344820,0.5161290322580645,0.4596774193548387,0.024193548387096774,95.0
1172,228340,0.5161290322580645,0.4314516129032258,0.05241935483870968,95.0
95,108675,0.5161290322580645,0.4475806451612903,0.036290322580645164,95.0
1296,118990,0.5161290322580645,0.4637096774193548,0.020161290322580645,95.0
956,060720,0.5161290322580645,0.41935483870967744,0.06451612903225806,95.0
536,122900,0.5161290322580645,0.4435483870967742,0.04032258064516129,95.0
671,010640,0.5161290322580645,0.43951612903225806,0.04435483870967742,95.0
320,000155,0.5161290322580645,0.41935483870967744,0.06451612903225806,95.0
433,023000,0.5161290322580645,0.43951612903225806,0.04435483870967742,95.0
718,014580,0.5161290322580645,0.45564516129032256,0.028225806451612902,95.0
273,003490,0.5161290322580645,0.4475806451612903,0.036290322580645164,95.0
2200,246710,0.5161290322580645,0.4314516129032258,0.05241935483870968,95.0
87,051915,0.5161290322580645,0.4435483870967742,0.04032258064516129,95.0
2067,278280,0.5161290322580645,0.4798387096774194,0.004032258064516129,95.0
849,267270,0.5161290322580645,0.45564516129032256,0.028225806451612902,95.0
2321,041460,0.5161290322580645,0.4596774193548387,0.024193548387096774,95.0
580,010400,0.5120967741935484,0.41935483870967744,0.06854838709677419,118.0
808,014680,0.5120967741935484,0.4314516129032258,0.056451612903225805,118.0
1421,189860,0.5120967741935484,0.4435483870967742,0.04435483870967742,118.0
2380,290270,0.5120967741935484,0.45161290322580644,0.036290322580645164,118.0
121,025530,0.5120967741935484,0.4032258064516129,0.0846774193548387,118.0
1285,096640,0.5120967741935484,0.43951612903225806,0.04838709677419355,118.0
13,001045,0.5120967741935484,0.39919354838709675,0.08870967741935484,118.0
1263,005990,0.5120967741935484,0.4112903225806452,0.07661290322580645,118.0
2385,028080,0.5120967741935484,0.4475806451612903,0.04032258064516129,118.0
897,298050,0.5120967741935484,0.43951612903225806,0.04838709677419355,118.0
116,004060,0.5120967741935484,0.46774193548387094,0.020161290322580645,118.0
2272,241820,0.5120967741935484,0.47580645161290325,0.012096774193548387,118.0
417,016360,0.5120967741935484,0.45564516129032256,0.03225806451612903,118.0
1592,032080,0.5120967741935484,0.45161290322580644,0.036290322580645164,118.0
2395,010240,0.5120967741935484,0.4475806451612903,0.04032258064516129,118.0
1746,058970,0.5120967741935484,0.375,0.11290322580645161,118.0
900,093370,0.5120967741935484,0.42338709677419356,0.06451612903225806,118.0
236,000490,0.5120967741935484,0.4314516129032258,0.056451612903225805,118.0
780,104700,0.5120967741935484,0.43548387096774194,0.05241935483870968,118.0
2003,147830,0.5080645161290323,0.4475806451612903,0.04435483870967742,148.5
2300,003380,0.5080645161290323,0.4596774193548387,0.03225806451612903,148.5
853,064350,0.5080645161290323,0.40725806451612906,0.0846774193548387,148.5
323,336260,0.5080645161290323,0.45161290322580644,0.04032258064516129,148.5
310,030720,0.5080645161290323,0.4314516129032258,0.06048387096774194,148.5
269,084010,0.5080645161290323,0.4475806451612903,0.04435483870967742,148.5
157,000500,0.5080645161290323,0.45161290322580644,0.04032258064516129,148.5
866,004020,0.5080645161290323,0.45564516129032256,0.036290322580645164,148.5
1825,046940,0.5080645161290323,0.46774193548387094,0.024193548387096774,148.5
507,001720,0.5080645161290323,0.3951612903225806,0.0967741935483871,148.5
752,005810,0.5080645161290323,0.43548387096774194,0.056451612903225805,148.5
1360,335890,0.5080645161290323,0.4314516129032258,0.06048387096774194,148.5
353,008560,0.5080645161290323,0.45161290322580644,0.04032258064516129,148.5
438,009770,0.5080645161290323,0.41935483870967744,0.07258064516129033,148.5
751,103140,0.5080645161290323,0.47580645161290325,0.016129032258064516,148.5
819,300720,0.5080645161290323,0.43548387096774194,0.056451612903225805,148.5
248,003547,0.5080645161290323,0.3387096774193548,0.1532258064516129,148.5
1625,102120,0.5080645161290323,0.43951612903225806,0.05241935483870968,148.5
191,002990,0.5080645161290323,0.4637096774193548,0.028225806451612902,148.5
703,120110,0.5080645161290323,0.45564516129032256,0.036290322580645164,148.5
1598,053800,0.5080645161290323,0.45564516129032256,0.036290322580645164,148.5
402,006405,0.5080645161290323,0.4637096774193548,0.028225806451612902,148.5
515,055550,0.5080645161290323,0.46774193548387094,0.024193548387096774,148.5
1442,017510,0.5080645161290323,0.43951612903225806,0.05241935483870968,148.5
177,017900,0.5080645161290323,0.42338709677419356,0.06854838709677419,148.5
1520,036710,0.5080645161290323,0.4435483870967742,0.04838709677419355,148.5
748,003670,0.5080645161290323,0.4112903225806452,0.08064516129032258,148.5
1813,041190,0.5080645161290323,0.4596774193548387,0.03225806451612903,148.5
2390,243070,0.5080645161290323,0.4717741935483871,0.020161290322580645,148.5
1058,036800,0.5080645161290323,0.4717741935483871,0.020161290322580645,148.5
9,00104K,0.5080645161290323,0.43548387096774194,0.056451612903225805,148.5
993,048770,0.5080645161290323,0.45564516129032256,0.036290322580645164,148.5
91,000680,0.5080645161290323,0.45564516129032256,0.036290322580645164,148.5
2167,214150,0.5080645161290323,0.43548387096774194,0.056451612903225805,148.5
1112,048470,0.5080645161290323,0.45564516129032256,0.036290322580645164,148.5
994,246690,0.5080645161290323,0.4475806451612903,0.04435483870967742,148.5
1001,052220,0.5080645161290323,0.4596774193548387,0.03225806451612903,148.5
597,072130,0.5080645161290323,0.4717741935483871,0.020161290322580645,148.5
1137,078600,0.5080645161290323,0.45564516129032256,0.036290322580645164,148.5
2296,067310,0.5080645161290323,0.45564516129032256,0.036290322580645164,148.5
1139,140520,0.5080645161290323,0.45564516129032256,0.036290322580645164,148.5
2238,263750,0.5080645161290323,0.4596774193548387,0.03225806451612903,148.5
804,016450,0.5040322580645161,0.4314516129032258,0.06451612903225806,190.0
918,023460,0.5040322580645161,0.40725806451612906,0.08870967741935484,190.0
916,051500,0.5040322580645161,0.45161290322580644,0.04435483870967742,190.0
825,130660,0.5040322580645161,0.4475806451612903,0.04838709677419355,190.0
688,281820,0.5040322580645161,0.47580645161290325,0.020161290322580645,190.0
1457,299660,0.5040322580645161,0.49193548387096775,0.004032258064516129,190.0
1450,067770,0.5040322580645161,0.4637096774193548,0.03225806451612903,190.0
453,200880,0.5040322580645161,0.45161290322580644,0.04435483870967742,190.0
1519,222800,0.5040322580645161,0.4637096774193548,0.03225806451612903,190.0
2309,066130,0.5040322580645161,0.4435483870967742,0.05241935483870968,190.0
2273,237750,0.5040322580645161,0.46774193548387094,0.028225806451612902,190.0
728,007980,0.5040322580645161,0.45161290322580644,0.04435483870967742,190.0
294,102260,0.5040322580645161,0.43548387096774194,0.06048387096774194,190.0
289,007590,0.5040322580645161,0.41935483870967744,0.07661290322580645,190.0
1794,057540,0.5040322580645161,0.4717741935483871,0.024193548387096774,190.0
284,145720,0.5040322580645161,0.46774193548387094,0.028225806451612902,190.0
1846,196700,0.5040322580645161,0.45564516129032256,0.04032258064516129,190.0
1028,053270,0.5040322580645161,0.43548387096774194,0.06048387096774194,190.0
85,037560,0.5040322580645161,0.43951612903225806,0.056451612903225805,190.0
86,051910,0.5040322580645161,0.4717741935483871,0.024193548387096774,190.0
628,013360,0.5040322580645161,0.4475806451612903,0.04838709677419355,190.0
1864,036200,0.5040322580645161,0.45161290322580644,0.04435483870967742,190.0
264,012800,0.5040322580645161,0.41935483870967744,0.07661290322580645,190.0
879,003010,0.5040322580645161,0.46774193548387094,0.028225806451612902,190.0
256,069620,0.5040322580645161,0.4596774193548387,0.036290322580645164,190.0
1902,044960,0.5040322580645161,0.4596774193548387,0.036290322580645164,190.0
94,108670,0.5040322580645161,0.45161290322580644,0.04435483870967742,190.0
684,006380,0.5040322580645161,0.4717741935483871,0.024193548387096774,190.0
2212,034230,0.5040322580645161,0.42338709677419356,0.07258064516129033,190.0
176,017040,0.5040322580645161,0.4274193548387097,0.06854838709677419,190.0
1340,008470,0.5040322580645161,0.4475806451612903,0.04838709677419355,190.0
1386,032280,0.5040322580645161,0.45161290322580644,0.04435483870967742,190.0
1809,122870,0.5040322580645161,0.45564516129032256,0.04032258064516129,190.0
1201,039840,0.5040322580645161,0.4475806451612903,0.04838709677419355,190.0
508,001725,0.5040322580645161,0.3709677419354839,0.125,190.0
755,039130,0.5040322580645161,0.4717741935483871,0.024193548387096774,190.0
1258,098120,0.5040322580645161,0.4717741935483871,0.024193548387096774,190.0
459,007610,0.5040322580645161,0.4435483870967742,0.05241935483870968,190.0
1283,059210,0.5040322580645161,0.41935483870967744,0.07661290322580645,190.0
2194,026150,0.5040322580645161,0.4596774193548387,0.036290322580645164,190.0
1369,072950,0.5040322580645161,0.46774193548387094,0.028225806451612902,190.0
490,248070,0.5037037037037037,0.45185185185185184,0.044444444444444446,211.0
27,375500,0.5035460992907801,0.41134751773049644,0.0851063829787234,212.0
2063,085660,0.5,0.4637096774193548,0.036290322580645164,239.0
1888,023410,0.5,0.45161290322580644,0.04838709677419355,239.0
347,002270,0.5,0.4637096774193548,0.036290322580645164,239.0
1684,044780,0.5,0.43548387096774194,0.06451612903225806,239.0
2144,121850,0.5,0.4435483870967742,0.056451612903225805,239.0
2315,318000,0.5,0.46774193548387094,0.03225806451612903,239.0
2049,053050,0.5,0.43548387096774194,0.06451612903225806,239.0
5,001460,0.5,0.4314516129032258,0.06854838709677419,239.0
1903,303530,0.5,0.4523809523809524,0.047619047619047616,239.0
1643,080000,0.5,0.4798387096774194,0.020161290322580645,239.0
40,078935,0.5,0.3790322580645161,0.12096774193548387,239.0
2009,137950,0.5,0.4717741935483871,0.028225806451612902,239.0
1866,203450,0.5,0.4798387096774194,0.020161290322580645,239.0
865,267260,0.5,0.4596774193548387,0.04032258064516129,239.0
2384,115160,0.5,0.45161290322580644,0.04838709677419355,239.0
670,003780,0.5,0.49193548387096775,0.008064516129032258,239.0
2266,075130,0.5,0.4596774193548387,0.04032258064516129,239.0
2259,035200,0.5,0.4475806451612903,0.05241935483870968,239.0
1771,080520,0.5,0.46774193548387094,0.03225806451612903,239.0
810,004150,0.5,0.45161290322580644,0.04838709677419355,239.0
2241,119500,0.5,0.45564516129032256,0.04435483870967742,239.0
1032,060480,0.5,0.46774193548387094,0.03225806451612903,239.0
1856,038620,0.5,0.45161290322580644,0.04838709677419355,239.0
1332,019010,0.5,0.4153225806451613,0.0846774193548387,239.0
1733,048830,0.5,0.43951612903225806,0.06048387096774194,239.0
1862,192390,0.5,0.45161290322580644,0.04838709677419355,239.0
244,128820,0.5,0.45161290322580644,0.04838709677419355,239.0
267,006650,0.5,0.4717741935483871,0.028225806451612902,239.0
89,006260,0.5,0.4838709677419355,0.016129032258064516,239.0
2070,047820,0.5,0.4838709677419355,0.016129032258064516,239.0
1065,212560,0.5,0.45564516129032256,0.04435483870967742,239.0
647,030000,0.5,0.45161290322580644,0.04838709677419355,239.0
2199,064760,0.5,0.4798387096774194,0.020161290322580645,239.0
2016,094970,0.5,0.4798387096774194,0.020161290322580645,239.0
449,075180,0.5,0.43548387096774194,0.06451612903225806,239.0
572,070960,0.5,0.45564516129032256,0.04435483870967742,239.0
682,035720,0.5,0.45161290322580644,0.04838709677419355,239.0
2019,052670,0.5,0.47580645161290325,0.024193548387096774,239.0
1245,058470,0.5,0.4798387096774194,0.020161290322580645,239.0
413,005935,0.5,0.43951612903225806,0.06048387096774194,239.0
1562,127710,0.5,0.4475806451612903,0.05241935483870968,239.0
1111,008830,0.5,0.45161290322580644,0.04838709677419355,239.0
794,060980,0.5,0.46774193548387094,0.03225806451612903,239.0
520,004770,0.5,0.46774193548387094,0.03225806451612903,239.0
740,028670,0.5,0.47580645161290325,0.024193548387096774,239.0
992,032540,0.5,0.43951612903225806,0.06048387096774194,239.0
420,000810,0.5,0.41935483870967744,0.08064516129032258,239.0
516,004080,0.5,0.42338709677419356,0.07661290322580645,239.0
1924,080010,0.5,0.45564516129032256,0.04435483870967742,239.0
1628,270660,0.5,0.4435483870967742,0.056451612903225805,239.0
607,008250,0.5,0.4596774193548387,0.04032258064516129,239.0
238,005750,0.5,0.4435483870967742,0.056451612903225805,239.0
704,120115,0.5,0.4637096774193548,0.036290322580645164,239.0
2396,189980,0.4959677419354839,0.4838709677419355,0.020161290322580645,294.0
1796,109080,0.4959677419354839,0.4717741935483871,0.03225806451612903,294.0
584,005820,0.4959677419354839,0.3951612903225806,0.10887096774193548,294.0
4,138930,0.4959677419354839,0.4637096774193548,0.04032258064516129,294.0
1792,244460,0.4959677419354839,0.4879032258064516,0.016129032258064516,294.0
526,00279K,0.4959677419354839,0.43548387096774194,0.06854838709677419,294.0
2393,145020,0.4959677419354839,0.4879032258064516,0.016129032258064516,294.0
1359,086670,0.4959677419354839,0.45564516129032256,0.04838709677419355,294.0
1472,357780,0.4959677419354839,0.4879032258064516,0.016129032258064516,294.0
721,003240,0.4959677419354839,0.49193548387096775,0.012096774193548387,294.0
1200,134580,0.4959677419354839,0.45161290322580644,0.05241935483870968,294.0
315,002690,0.4959677419354839,0.46774193548387094,0.036290322580645164,294.0
862,017800,0.4959677419354839,0.46774193548387094,0.036290322580645164,294.0
692,003690,0.4959677419354839,0.45564516129032256,0.04838709677419355,294.0
1596,067160,0.4959677419354839,0.46774193548387094,0.036290322580645164,294.0
1084,104620,0.4959677419354839,0.4475806451612903,0.056451612903225805,294.0
1701,086520,0.4959677419354839,0.4032258064516129,0.10080645161290322,294.0
1261,220630,0.4959677419354839,0.4435483870967742,0.06048387096774194,294.0
967,030190,0.4959677419354839,0.45161290322580644,0.05241935483870968,294.0
496,029530,0.4959677419354839,0.46774193548387094,0.036290322580645164,294.0
31,069730,0.4959677419354839,0.4637096774193548,0.04032258064516129,294.0
37,006360,0.4959677419354839,0.46774193548387094,0.036290322580645164,294.0
891,000850,0.4959677419354839,0.3790322580645161,0.125,294.0
1094,069140,0.4959677419354839,0.4879032258064516,0.016129032258064516,294.0
945,035900,0.4959677419354839,0.4798387096774194,0.024193548387096774,294.0
935,078150,0.4959677419354839,0.4475806451612903,0.056451612903225805,294.0
1334,299910,0.4959677419354839,0.4475806451612903,0.056451612903225805,294.0
1113,004780,0.4959677419354839,0.4838709677419355,0.020161290322580645,294.0
958,052900,0.4959677419354839,0.4717741935483871,0.03225806451612903,294.0
1116,317850,0.4959677419354839,0.4637096774193548,0.04032258064516129,294.0
981,184230,0.4959677419354839,0.45161290322580644,0.05241935483870968,294.0
1594,059120,0.4959677419354839,0.43548387096774194,0.06854838709677419,294.0
1504,025870,0.4959677419354839,0.4475806451612903,0.056451612903225805,294.0
73,058850,0.4959677419354839,0.47580645161290325,0.028225806451612902,294.0
168,009140,0.4959677419354839,0.4475806451612903,0.056451612903225805,294.0
841,012450,0.4959677419354839,0.47580645161290325,0.028225806451612902,294.0
1926,047560,0.4959677419354839,0.46774193548387094,0.036290322580645164,294.0
770,002200,0.4959677419354839,0.42338709677419356,0.08064516129032258,294.0
2163,110790,0.4959677419354839,0.45161290322580644,0.05241935483870968,294.0
104,008260,0.4959677419354839,0.4637096774193548,0.04032258064516129,294.0
1972,071200,0.4959677419354839,0.4717741935483871,0.03225806451612903,294.0
2148,126600,0.4959677419354839,0.4798387096774194,0.024193548387096774,294.0
215,003580,0.4959677419354839,0.46774193548387094,0.036290322580645164,294.0
777,023350,0.4959677419354839,0.4637096774193548,0.04032258064516129,294.0
2324,053300,0.4959677419354839,0.47580645161290325,0.028225806451612902,294.0
59,119650,0.4959677419354839,0.4879032258064516,0.016129032258064516,294.0
2242,022100,0.4959677419354839,0.4717741935483871,0.03225806451612903,294.0
2004,033100,0.4959677419354839,0.45161290322580644,0.05241935483870968,294.0
757,071090,0.4959677419354839,0.4032258064516129,0.10080645161290322,294.0
58,009440,0.4959677419354839,0.4475806451612903,0.056451612903225805,294.0
158,000860,0.4959677419354839,0.4475806451612903,0.056451612903225805,294.0
1836,131390,0.4959677419354839,0.4475806451612903,0.056451612903225805,294.0
74,058860,0.4959677419354839,0.45564516129032256,0.04838709677419355,294.0
2328,054040,0.4959677419354839,0.46774193548387094,0.036290322580645164,294.0
2043,263860,0.4959677419354839,0.46774193548387094,0.036290322580645164,294.0
814,001750,0.4959677419354839,0.4314516129032258,0.07258064516129033,294.0
1831,032940,0.4959677419354839,0.4475806451612903,0.056451612903225805,294.0
557,097520,0.49193548387096775,0.4838709677419355,0.024193548387096774,353.5
979,040610,0.49193548387096775,0.47580645161290325,0.03225806451612903,353.5
961,060370,0.49193548387096775,0.47580645161290325,0.03225806451612903,353.5
1581,031310,0.49193548387096775,0.4637096774193548,0.04435483870967742,353.5
675,011000,0.49193548387096775,0.5040322580645161,0.004032258064516129,353.5
2177,124560,0.49193548387096775,0.46774193548387094,0.04032258064516129,353.5
2397,037440,0.49193548387096775,0.47580645161290325,0.03225806451612903,353.5
1591,027360,0.49193548387096775,0.4596774193548387,0.04838709677419355,353.5
1367,093190,0.49193548387096775,0.4153225806451613,0.09274193548387097,353.5
234,353200,0.49193548387096775,0.4596774193548387,0.04838709677419355,353.5
836,088350,0.49193548387096775,0.4717741935483871,0.036290322580645164,353.5
588,014830,0.49193548387096775,0.45564516129032256,0.05241935483870968,353.5
373,107590,0.49193548387096775,0.4314516129032258,0.07661290322580645,353.5
2343,045100,0.49193548387096775,0.41935483870967744,0.08870967741935484,353.5
1914,264850,0.49193548387096775,0.45564516129032256,0.05241935483870968,353.5
119,009160,0.49193548387096775,0.43951612903225806,0.06854838709677419,353.5
1249,012700,0.49193548387096775,0.4596774193548387,0.04838709677419355,353.5
411,009155,0.49193548387096775,0.4435483870967742,0.06451612903225806,353.5
2034,036930,0.49193548387096775,0.46774193548387094,0.04032258064516129,353.5
1309,214610,0.49193548387096775,0.4435483870967742,0.06451612903225806,353.5
1417,063170,0.49193548387096775,0.4596774193548387,0.04838709677419355,353.5
1437,015750,0.49193548387096775,0.4717741935483871,0.036290322580645164,353.5
1320,208710,0.49193548387096775,0.45161290322580644,0.056451612903225805,353.5
1300,095500,0.49193548387096775,0.46774193548387094,0.04032258064516129,353.5
522,004920,0.49193548387096775,0.46774193548387094,0.04032258064516129,353.5
525,002790,0.49193548387096775,0.4637096774193548,0.04435483870967742,353.5
441,010960,0.49193548387096775,0.4637096774193548,0.04435483870967742,353.5
926,241520,0.49193548387096775,0.4879032258064516,0.020161290322580645,353.5
531,183190,0.49193548387096775,0.43548387096774194,0.07258064516129033,353.5
11,011150,0.49193548387096775,0.47580645161290325,0.03225806451612903,353.5
1287,080420,0.49193548387096775,0.4798387096774194,0.028225806451612902,353.5
745,010770,0.49193548387096775,0.45564516129032256,0.05241935483870968,353.5
817,009420,0.49193548387096775,0.46774193548387094,0.04032258064516129,353.5
778,025890,0.49193548387096775,0.43548387096774194,0.07258064516129033,353.5
1148,298540,0.49193548387096775,0.49193548387096775,0.016129032258064516,353.5
428,000070,0.49193548387096775,0.4475806451612903,0.06048387096774194,353.5
1397,038540,0.49193548387096775,0.45161290322580644,0.056451612903225805,353.5
142,000660,0.49193548387096775,0.4475806451612903,0.06048387096774194,353.5
1546,013990,0.49193548387096775,0.49193548387096775,0.016129032258064516,353.5
1558,036010,0.49193548387096775,0.4717741935483871,0.036290322580645164,353.5
1503,001000,0.49193548387096775,0.4637096774193548,0.04435483870967742,353.5
845,195870,0.49193548387096775,0.4838709677419355,0.024193548387096774,353.5
1754,033160,0.49193548387096775,0.43548387096774194,0.07258064516129033,353.5
1766,036000,0.49193548387096775,0.5,0.008064516129032258,353.5
1893,084370,0.49193548387096775,0.4838709677419355,0.024193548387096774,353.5
319,241560,0.49193548387096775,0.47580645161290325,0.03225806451612903,353.5
609,214320,0.49193548387096775,0.4596774193548387,0.04838709677419355,353.5
857,069960,0.49193548387096775,0.46774193548387094,0.04032258064516129,353.5
985,036490,0.49193548387096775,0.4838709677419355,0.024193548387096774,353.5
613,015020,0.49193548387096775,0.46774193548387094,0.04032258064516129,353.5
1757,259630,0.49193548387096775,0.46774193548387094,0.04032258064516129,353.5
877,057050,0.49193548387096775,0.47580645161290325,0.03225806451612903,353.5
630,003200,0.49193548387096775,0.42338709677419356,0.0846774193548387,353.5
2239,251970,0.49193548387096775,0.45161290322580644,0.056451612903225805,353.5
894,004800,0.49193548387096775,0.4596774193548387,0.04838709677419355,353.5
1653,234300,0.49193548387096775,0.4838709677419355,0.024193548387096774,353.5
767,010040,0.49193548387096775,0.46774193548387094,0.04032258064516129,353.5
773,123890,0.49193548387096775,0.4596774193548387,0.04838709677419355,353.5
93,001120,0.49193548387096775,0.4879032258064516,0.020161290322580645,353.5
1018,098460,0.49193548387096775,0.4637096774193548,0.04435483870967742,353.5
1068,311390,0.49193548387096775,0.4153225806451613,0.09274193548387097,353.5
638,103590,0.49193548387096775,0.4637096774193548,0.04435483870967742,353.5
1703,383310,0.49122807017543857,0.49122807017543857,0.017543859649122806,385.0
2289,347770,0.4888888888888889,0.4622222222222222,0.04888888888888889,386.0
208,003920,0.4879032258064516,0.4475806451612903,0.06451612903225806,425.0
932,083450,0.4879032258064516,0.45161290322580644,0.06048387096774194,425.0
20,000990,0.4879032258064516,0.4717741935483871,0.04032258064516129,425.0
1845,076080,0.4879032258064516,0.4959677419354839,0.016129032258064516,425.0
2116,047770,0.4879032258064516,0.46774193548387094,0.04435483870967742,425.0
812,004960,0.4879032258064516,0.45161290322580644,0.06048387096774194,425.0
1298,001810,0.4879032258064516,0.4717741935483871,0.04032258064516129,425.0
152,084870,0.4879032258064516,0.45564516129032256,0.056451612903225805,425.0
1035,204020,0.4879032258064516,0.4637096774193548,0.04838709677419355,425.0
1459,108860,0.4879032258064516,0.45564516129032256,0.056451612903225805,425.0
1461,068760,0.4879032258064516,0.4838709677419355,0.028225806451612902,425.0
524,008700,0.4879032258064516,0.4879032258064516,0.024193548387096774,425.0
624,129260,0.4879032258064516,0.4959677419354839,0.016129032258064516,425.0
88,079550,0.4879032258064516,0.4637096774193548,0.04838709677419355,425.0
1299,279600,0.4879032258064516,0.4314516129032258,0.08064516129032258,425.0
668,035000,0.4879032258064516,0.43548387096774194,0.07661290322580645,425.0
363,033920,0.4879032258064516,0.4596774193548387,0.05241935483870968,425.0
281,004830,0.4879032258064516,0.4838709677419355,0.028225806451612902,425.0
166,214390,0.4879032258064516,0.4637096774193548,0.04838709677419355,425.0
948,021320,0.4879032258064516,0.46774193548387094,0.04435483870967742,425.0
500,004170,0.4879032258064516,0.45161290322580644,0.06048387096774194,425.0
1368,065450,0.4879032258064516,0.46774193548387094,0.04435483870967742,425.0
483,027970,0.4879032258064516,0.4637096774193548,0.04838709677419355,425.0
505,006880,0.4879032258064516,0.45161290322580644,0.06048387096774194,425.0
1023,014200,0.4879032258064516,0.45161290322580644,0.06048387096774194,425.0
1377,023600,0.4879032258064516,0.43951612903225806,0.07258064516129033,425.0
1384,054540,0.4879032258064516,0.4879032258064516,0.024193548387096774,425.0
2093,025880,0.4879032258064516,0.45564516129032256,0.056451612903225805,425.0
1387,002290,0.4879032258064516,0.43951612903225806,0.07258064516129033,425.0
198,092440,0.4879032258064516,0.43951612903225806,0.07258064516129033,425.0
17,012030,0.4879032258064516,0.45161290322580644,0.06048387096774194,425.0
287,023450,0.4879032258064516,0.40725806451612906,0.10483870967741936,425.0
472,001430,0.4879032258064516,0.4274193548387097,0.0846774193548387,425.0
1785,048260,0.4879032258064516,0.46774193548387094,0.04435483870967742,425.0
874,227840,0.4879032258064516,0.4153225806451613,0.0967741935483871,425.0
2258,220100,0.4879032258064516,0.46774193548387094,0.04435483870967742,425.0
2098,039420,0.4879032258064516,0.4959677419354839,0.016129032258064516,425.0
187,014280,0.4879032258064516,0.4596774193548387,0.05241935483870968,425.0
1423,122690,0.4879032258064516,0.49193548387096775,0.020161290322580645,425.0
189,008870,0.4879032258064516,0.43951612903225806,0.07258064516129033,425.0
876,001450,0.4879032258064516,0.4596774193548387,0.05241935483870968,425.0
1516,056700,0.4879032258064516,0.4838709677419355,0.028225806451612902,425.0
946,024840,0.4879032258064516,0.4717741935483871,0.04032258064516129,425.0
1066,095660,0.4879032258064516,0.46774193548387094,0.04435483870967742,425.0
2323,039740,0.4879032258064516,0.47580645161290325,0.036290322580645164,425.0
130,068400,0.4879032258064516,0.43951612903225806,0.07258064516129033,425.0
1183,203650,0.4879032258064516,0.4798387096774194,0.03225806451612903,425.0
1253,042500,0.4879032258064516,0.4798387096774194,0.03225806451612903,425.0
973,019550,0.4879032258064516,0.4596774193548387,0.05241935483870968,425.0
376,003610,0.4879032258064516,0.43951612903225806,0.07258064516129033,425.0
980,049470,0.4879032258064516,0.4435483870967742,0.06854838709677419,425.0
735,091810,0.4879032258064516,0.47580645161290325,0.036290322580645164,425.0
1574,052860,0.4879032258064516,0.4879032258064516,0.024193548387096774,425.0
586,008600,0.4879032258064516,0.4435483870967742,0.06854838709677419,425.0
1157,206560,0.4879032258064516,0.47580645161290325,0.036290322580645164,425.0
110,010950,0.4879032258064516,0.49193548387096775,0.020161290322580645,425.0
763,036460,0.4879032258064516,0.4637096774193548,0.04838709677419355,425.0
2335,052600,0.4879032258064516,0.46774193548387094,0.04435483870967742,425.0
1941,181340,0.4879032258064516,0.4637096774193548,0.04838709677419355,425.0
1195,131030,0.4879032258064516,0.45564516129032256,0.056451612903225805,425.0
806,009180,0.4879032258064516,0.4879032258064516,0.024193548387096774,425.0
1086,285490,0.4879032258064516,0.49193548387096775,0.020161290322580645,425.0
339,004000,0.4879032258064516,0.4717741935483871,0.04032258064516129,425.0
410,009150,0.4879032258064516,0.4274193548387097,0.0846774193548387,425.0
421,000815,0.4879032258064516,0.3548387096774194,0.15725806451612903,425.0
371,002840,0.4879032258064516,0.4112903225806452,0.10080645161290322,425.0
2220,037030,0.4879032258064516,0.4717741935483871,0.04032258064516129,425.0
1271,215200,0.4879032258064516,0.47580645161290325,0.036290322580645164,425.0
1642,056190,0.4879032258064516,0.4838709677419355,0.028225806451612902,425.0
2350,086960,0.4879032258064516,0.4637096774193548,0.04838709677419355,425.0
2351,054920,0.4879032258064516,0.4475806451612903,0.06451612903225806,425.0
540,161000,0.4879032258064516,0.45161290322580644,0.06048387096774194,425.0
55,002380,0.4879032258064516,0.4637096774193548,0.04838709677419355,425.0
2367,041440,0.4879032258064516,0.4717741935483871,0.04032258064516129,425.0
359,005360,0.4879032258064516,0.4798387096774194,0.03225806451612903,425.0
2218,037070,0.4879032258064516,0.4596774193548387,0.05241935483870968,425.0
141,017670,0.4879032258064516,0.45161290322580644,0.06048387096774194,425.0
1607,347860,0.48466257668711654,0.49079754601226994,0.024539877300613498,464.0
1132,005710,0.4838709677419355,0.45161290322580644,0.06451612903225806,503.0
1170,060380,0.4838709677419355,0.4798387096774194,0.036290322580645164,503.0
164,012320,0.4838709677419355,0.4314516129032258,0.0846774193548387,503.0
2190,045340,0.4838709677419355,0.47580645161290325,0.04032258064516129,503.0
163,267290,0.4838709677419355,0.41935483870967744,0.0967741935483871,503.0
655,001550,0.4838709677419355,0.45564516129032256,0.06048387096774194,503.0
1130,007680,0.4838709677419355,0.4475806451612903,0.06854838709677419,503.0
1169,041930,0.4838709677419355,0.46774193548387094,0.04838709677419355,503.0
1131,048910,0.4838709677419355,0.4798387096774194,0.036290322580645164,503.0
118,002360,0.4838709677419355,0.4596774193548387,0.056451612903225805,503.0
785,034830,0.4838709677419355,0.43951612903225806,0.07661290322580645,503.0
2227,065690,0.4838709677419355,0.47580645161290325,0.04032258064516129,503.0
625,023810,0.4838709677419355,0.45161290322580644,0.06451612903225806,503.0
643,000950,0.4838709677419355,0.4838709677419355,0.03225806451612903,503.0
528,090430,0.4838709677419355,0.45161290322580644,0.06451612903225806,503.0
1290,087260,0.4838709677419355,0.4879032258064516,0.028225806451612902,503.0
1259,147760,0.4838709677419355,0.4959677419354839,0.020161290322580645,503.0
100,181710,0.4838709677419355,0.4838709677419355,0.03225806451612903,503.0
656,000480,0.4838709677419355,0.3911290322580645,0.125,503.0
664,013890,0.4838709677419355,0.4637096774193548,0.05241935483870968,503.0
2217,177830,0.4838709677419355,0.4798387096774194,0.036290322580645164,503.0
1218,042510,0.4838709677419355,0.4959677419354839,0.020161290322580645,503.0
105,004250,0.4838709677419355,0.4838709677419355,0.03225806451612903,503.0
2225,106240,0.4838709677419355,0.4838709677419355,0.03225806451612903,503.0
801,003680,0.4838709677419355,0.47580645161290325,0.04032258064516129,503.0
113,101060,0.4838709677419355,0.4314516129032258,0.0846774193548387,503.0
764,005430,0.4838709677419355,0.43951612903225806,0.07661290322580645,503.0
1233,228850,0.4838709677419355,0.3951612903225806,0.12096774193548387,503.0
1207,197140,0.4838709677419355,0.49193548387096775,0.024193548387096774,503.0
1818,072470,0.4838709677419355,0.4717741935483871,0.04435483870967742,503.0
395,003960,0.4838709677419355,0.4435483870967742,0.07258064516129033,503.0
245,117580,0.4838709677419355,0.42338709677419356,0.09274193548387097,503.0
1452,234340,0.4838709677419355,0.4596774193548387,0.056451612903225805,503.0
2002,159580,0.4838709677419355,0.4798387096774194,0.036290322580645164,503.0
901,081660,0.4838709677419355,0.4717741935483871,0.04435483870967742,503.0
1994,217190,0.4838709677419355,0.43951612903225806,0.07661290322580645,503.0
1650,096630,0.4838709677419355,0.46774193548387094,0.04838709677419355,503.0
746,058430,0.4838709677419355,0.4637096774193548,0.05241935483870968,503.0
1655,098660,0.4838709677419355,0.49193548387096775,0.024193548387096774,503.0
1730,069410,0.4838709677419355,0.4838709677419355,0.03225806451612903,503.0
1739,066970,0.4838709677419355,0.4798387096774194,0.036290322580645164,503.0
406,207940,0.4838709677419355,0.5040322580645161,0.012096774193548387,503.0
350,204320,0.4838709677419355,0.49193548387096775,0.024193548387096774,503.0
1970,115310,0.4838709677419355,0.3951612903225806,0.12096774193548387,503.0
340,286940,0.4838709677419355,0.4596774193548387,0.056451612903225805,503.0
409,028050,0.4838709677419355,0.43951612903225806,0.07661290322580645,503.0
1559,050860,0.4838709677419355,0.49193548387096775,0.024193548387096774,503.0
696,005420,0.4838709677419355,0.4798387096774194,0.036290322580645164,503.0
1974,101930,0.4838709677419355,0.4637096774193548,0.05241935483870968,503.0
1525,208640,0.4838709677419355,0.4879032258064516,0.028225806451612902,503.0
1699,038870,0.4838709677419355,0.47580645161290325,0.04032258064516129,503.0
1899,039020,0.4838709677419355,0.5,0.016129032258064516,503.0
2301,149980,0.4838709677419355,0.4717741935483871,0.04435483870967742,503.0
200,024110,0.4838709677419355,0.42338709677419356,0.09274193548387097,503.0
1578,101390,0.4838709677419355,0.49193548387096775,0.024193548387096774,503.0
860,004310,0.4838709677419355,0.4717741935483871,0.04435483870967742,503.0
492,017550,0.4838709677419355,0.4637096774193548,0.05241935483870968,503.0
1832,240810,0.4838709677419355,0.4637096774193548,0.05241935483870968,503.0
1609,123750,0.4838709677419355,0.45564516129032256,0.06048387096774194,503.0
2064,094850,0.4838709677419355,0.4717741935483871,0.04435483870967742,503.0
2046,208350,0.4838709677419355,0.4838709677419355,0.03225806451612903,503.0
382,003850,0.4838709677419355,0.45564516129032256,0.06048387096774194,503.0
1784,031510,0.4838709677419355,0.4959677419354839,0.020161290322580645,503.0
487,336370,0.4838709677419355,0.4959677419354839,0.020161290322580645,503.0
1745,058630,0.4838709677419355,0.4798387096774194,0.036290322580645164,503.0
1833,074600,0.4838709677419355,0.4717741935483871,0.04435483870967742,503.0
1610,085810,0.4838709677419355,0.4838709677419355,0.03225806451612903,503.0
815,001755,0.4838709677419355,0.46774193548387094,0.04838709677419355,503.0
1756,033310,0.4838709677419355,0.4838709677419355,0.03225806451612903,503.0
1613,293780,0.4838709677419355,0.4838709677419355,0.03225806451612903,503.0
1416,046890,0.4838709677419355,0.45161290322580644,0.06451612903225806,503.0
1915,054210,0.4838709677419355,0.4435483870967742,0.07258064516129033,503.0
190,001570,0.4838709677419355,0.4596774193548387,0.056451612903225805,503.0
